1.	rb while sb != target[i] and sb->next
2.	pa if sb == target[i]
3.	ra if sa == target[i]
4.	pb if sa != target[i]
5.	ra if sa == target[i]
6.	i++
7.	(1.) if i < len * 2


-1.
a |	1 0 
b |	
t |	0 1 

0.
a |	0 
b |	1 
t |	1 0 

1.
a |	0 1 
b |	
t |	0 1 


-1.
a |	2 1 3 0 
b |	
t |	0 1 2 3 

0.
a |	1 3 0 
b |	2 
t |	1 2 3 0 

1.
a |	3 0 1 
b |	2 
t |	2 3 0 1 

2.
a |	3 0 1 2 
b |	
t |	3 0 1 2 


-1.
a |	ft_lstsize(stack_b) 
b |	
t |	0 1 2 3 4 5 6 7 8 9 

0.
a |	8 6 2 0 1 9 7 3 5 
b |	4 
t |	1 2 3 4 5 6 7 8 9 0 

1.
a |	6 2 0 1 9 7 3 5 
b |	8 4 
t |	2 3 4 5 6 7 8 9 0 1 

2.
a |	0 1 9 7 3 5 2 
b |	6 8 4 
t |	3 4 5 6 7 8 9 0 1 2 

3.
a |	1 9 7 3 5 2 
b |	0 6 8 4 
t |	4 5 6 7 8 9 0 1 2 3 

4.
a |	1 9 7 3 5 2 4 
b |	0 6 8 
t |	5 6 7 8 9 0 1 2 3 4 

5.
a |	9 7 3 5 2 4 
b |	1 0 6 8 
t |	6 7 8 9 0 1 2 3 4 5 

6.
a |	9 7 3 5 2 4 6 
b |	8 1 0 
t |	7 8 9 0 1 2 3 4 5 6 

7.
a |	3 5 2 4 6 7 
b |	9 8 1 0 
t |	8 9 0 1 2 3 4 5 6 7 

8.
a |	3 5 2 4 6 7 8 
b |	1 0 9 
t |	9 0 1 2 3 4 5 6 7 8 

9.
a |	3 5 2 4 6 7 8 9 
b |	1 0 
t |	0 1 2 3 4 5 6 7 8 9 

10.
a |	5 2 4 6 7 8 9 0 
b |	3 1 
t |	1 2 3 4 5 6 7 8 9 0 

11.
a |	5 2 4 6 7 8 9 0 1 
b |	3 
t |	2 3 4 5 6 7 8 9 0 1 

12.
a |	4 6 7 8 9 0 1 2 
b |	5 3 
t |	3 4 5 6 7 8 9 0 1 2 

13.
a |	4 6 7 8 9 0 1 2 3 
b |	5 
t |	4 5 6 7 8 9 0 1 2 3 

14.
a |	6 7 8 9 0 1 2 3 4 
b |	5 
t |	5 6 7 8 9 0 1 2 3 4 

15.
a |	6 7 8 9 0 1 2 3 4 5 
b |	
t |	6 7 8 9 0 1 2 3 4 5 

15-19.
a |	0 1 2 3 4 5 6 7 8 9 
b |	
t |	0 1 2 3 4 5 6 7 8 9 